-------------
times: 0
0.04386
0.087719
0.13158
0.17544
0.2193
0.26316
0.35088
0.4386
0.52632
0.61404
0.70175
0.78947
0.87719
0.96491
1.0526
1.1404
1.1842
1.2281
1.3158
1.4035
1.4912
1.5789
1.6667
1.7982
1.9298
2.0175
2.1053
2.193
2.2807
2.3684
2.4561
2.5439
2.6316
2.7193
2.807
2.8947
2.9825
3.0702
3.1579
3.2456
3.3333
3.4211
3.4649
3.5088
3.5965
3.6842
3.7719
3.8596
3.9474
4.0351
4.1228
4.2544
4.386
4.4737
4.5614
4.6491
4.693
4.7368
4.7588
4.7807
4.8246
4.8684
4.9123
4.9415
4.9708
4.9848
4.9919
4.9989
4.9995
5
5
5
5
5
5
5
5
5
5
5
5
5
5.0003
5.0006
6.5003
8
-------------
-------------
controls [u1, u2]: 
4.5723, 0.75686
4.5028, 0.61814
4.4309, 0.50515
4.3571, 0.41317
4.2818, 0.3383
4.2051, 0.2774
4.1275, 0.22786
3.9698, 0.15484
3.8099, 0.10657
3.6485, 0.07466
3.4861, 0.053517
3.3231, 0.039456
3.1596, 0.030041
2.9959, 0.023666
2.832, 0.019276
2.668, 0.016178
2.5039, 0.01392
2.4218, 0.013009
2.3397, 0.012206
2.1756, 0.010844
2.0114, 0.0097082
1.8471, 0.0087178
1.6829, 0.0078205
1.5187, 0.0069825
1.2723, 0.0057918
1.026, 0.0046445
0.86175, 0.0038923
0.69751, 0.0031457
0.53328, 0.0024022
0.36904, 0.0016598
0.2048, 0.00091694
0.040564, 0.00017151
-0.12367, -0.00057923
-0.28791, -0.0013395
-0.45214, -0.0021161
-0.61637, -0.0029198
-0.7806, -0.0037681
-0.94482, -0.0046886
-1.109, -0.0057259
-1.2732, -0.0069501
-1.4374, -0.0084722
-1.6015, -0.010466
-1.7656, -0.013206
-1.8476, -0.014981
-1.9295, -0.017117
-2.0933, -0.022863
-2.2568, -0.031471
-2.4199, -0.044532
-2.5824, -0.064497
-2.744, -0.095134
-2.904, -0.14222
-3.0617, -0.2146
-3.2912, -0.40174
-3.5059, -0.75564
-3.6354, -1.1507
-3.7485, -1.7474
-3.8396, -2.6405
-3.875, -3.2376
-3.9027, -3.9613
-3.9135, -4.3779
-3.922, -4.8353
-3.9319, -5.8868
-3.9307, -7.1479
-3.9152, -8.6567
-3.8942, -9.8227
-3.8613, -11.136
-3.84, -11.828
-3.8278, -12.188
-3.8144, -12.56
-3.8133, -12.589
-3.8122, -12.618
-3.8122, -12.618
-3.8122, -12.618
-3.8122, -12.618
-3.8122, -12.618
0, 0
0, 0
0, 0
0, 0
0, 0
0, 0
0, 0
0, 0
0, 0
0, 0
0, 0
0, 0
-------------
start time: 0
d->time: 0
curr time: 0, final time: 8
control: 4.5723, 0.75686
d->time: 0.01
curr time: 0.01, final time: 8
control: 4.5723, 0.75686
